AUC: 0.693162911525333
AUPRC: 0.6443622388157203
