AUC: 0.5534144530211296
AUPRC: 0.5400401275537484
