AUC: 0.6052623729162709
AUPRC: 0.5888957436357304
