AUC: 0.7095495546641468
AUPRC: 0.6614198671767918
