AUC: 0.6746353133200397
AUPRC: 0.6689917775670434
