AUC: 0.4983872398687576
AUPRC: 0.49125069164711355
