AUC: 0.5752516620502455
AUPRC: 0.5684526759236037
