AUC: 0.7024959076430214
AUPRC: 0.6846086051489306
