AUC: 0.6284018358830521
AUPRC: 0.589141874100531
