AUC: 0.5135984149669536
AUPRC: 0.5164067092912753
