AUC: 0.5074659930217442
AUPRC: 0.5198266480709157
