AUC: 0.5004576942441378
AUPRC: 0.5014433561870356
