AUC: 0.6321816786705793
AUPRC: 0.6647110398189159
