AUC: 0.5486591359991948
AUPRC: 0.5391774476261212
