AUC: 0.6161866200380599
AUPRC: 0.6030378227675302
