AUC: 0.5847509725012118
AUPRC: 0.6212007256340456
