AUC: 0.5193658969116626
AUPRC: 0.5211260366059132
