AUC: 0.707096289946416
AUPRC: 0.7033118788917834
