AUC: 0.501777688528788
AUPRC: 0.5036589718956003
