AUC: 0.7537579049887503
AUPRC: 0.7557754253733611
