AUC: 0.6997426358830527
AUPRC: 0.6516464374215432
