AUC: 0.7123539285688755
AUPRC: 0.6537667201273426
