AUC: 0.5098314242181428
AUPRC: 0.505136648140409
