AUC: 0.5068506479625058
AUPRC: 0.5815201946412452
