AUC: 0.6318614332226155
AUPRC: 0.5940665691965624
