AUC: 0.5759297692477818
AUPRC: 0.5728973720149523
