AUC: 0.6363165073202347
AUPRC: 0.5938474087136002
