AUC: 0.7006958424665111
AUPRC: 0.6574524446614484
